4
5
300
0
0
1600
900
49.45530052112465
96.83215924326994
189.63461269220048
109.78759803355177
208.8246411319564
288.6133599616694
310.6372574281501
368.31745935719937
49.89184403038943
96.97959487743672
189.35601240001242
110.03594382688371
209.04836115622174
288.5717347522047
310.2555941868081
367.96330313916536
51.20509053140873
97.42300288742581
188.51772668390186
110.78102345906397
209.7217494354657
288.44907305439966
309.1072451226554
366.89747719480107
53.40983846091151
98.16690790771071
187.1095298099097
112.0228825055876
210.85398909710437
288.254587303715
307.1784544055061
365.10619887867716
56.537134233039374
99.22087820766956
185.10971976894552
113.7610720819797
212.46464567696398
288.0082673845357
304.4403120944828
362.56035892150555
60.63761019011786
100.600730443134
182.48219034100993
115.99337226427677
214.58653109890165
287.74457155603886
300.84548014340226
359.21190233224087
65.78772265151308
102.33084265754391
179.17081340305455
118.71329856204005
217.27132669473218
287.5195925383706
296.32194902413187
354.98684283773594
72.10108314816779
104.4485518869843
175.08890686882688
121.90532402018337
220.60044324954364
287.4247875748737
290.7613785068934
349.77191311364913
79.74995279697441
107.01304930910935
170.09862525910532
125.53528445046591
224.70720030536185
287.61501392466414
283.9960334119901
343.3872289114511
89.01000694921741
110.12560040116368
163.96695022922358
129.52904232286855
229.82742194047714
288.3736782629048
275.74743265451355
335.5222556087535
100.36894152422126
113.98499314708977
156.25729878281618
133.71561568873153
236.4389857828578
290.3030432304084
265.4865856835364
325.54692452946085
114.86627394054594
119.09690401383547
145.98880054045023
137.6169777132755
245.81344439963638
295.1968215641587
251.8832928927991
311.63987330442086
135.8191920699318
127.83158455482828
129.90822496088424
138.89410701417373
264.3802461262523
322.3680664415825
228.4441486163633
274.456818585106
141.4900762020896
177.0844192894571
129.85005655019683
100.74732621818862
289.0245020115106
367.9512103195335
198.18717700963464
217.76762076851134
128.36906325852536
263.8279564791767
150.3881754450332
26.958953540805453
312.1908039442944
411.50402538353404
167.6037691255787
161.25964119217437
116.56521707678806
349.79561157007134
171.36384273108195
-44.835951130753244
334.99111144167944
454.54174837484
135.6316405238822
104.04916778153247
105.18042552786159
435.10213233026315
192.3250571384438
26.78652904999032
357.51262004707337
497.29193678175096
103.53370906005287
46.932062498876
94.01621639772638
520.2485729286253
212.43733009029484
98.99135461885741
379.7866550543822
539.8635815690086
72.31161023102823
-10.428764390421051
83.04537469402484
605.2852996254462
231.60015205894547
171.36874604842382
401.84359369353797
582.316216779006
42.06269132692337
-67.73343366161586
72.23869528079868
690.2210369327881
250.55586714498625
243.6827956370993
423.71661204976374
624.6835134993768
12.040637297882967
-124.78843321281414
61.56785617818125
775.0610631492356
269.4559168218271
316.034264337475
445.434218534211
666.9806426110006
-17.9061797607877
-181.71497317607123
51.00895162697019
859.8122112710303
288.3406672459794
388.46330533633636
467.01711319264103
709.2110515882441
-47.81492029215893
-238.56348720878097
40.54303234373565
944.4823506795226
307.2309679165845
460.99053389308256
488.47789034798217
751.3711750106995
-77.70007883487071
-295.3588945312851
30.155380941747197
859.8161319540167
326.1437387666287
533.630026585889
509.8216155216026
793.4532515232049
-107.56892345654683
-352.11548724148133
19.854457080210608
775.0815234869474
345.08381118439445
606.4018896105446
531.0390641605443
835.4405714852617
-137.42552065171762
-408.8413039915147
9.672877176083599
690.2885039024275
364.03772690790214
679.3245456025336
552.1134650418302
877.3090646025813
-167.27225735238423
-465.5406757466937
-0.36866523220041536
605.47104791534
383.00037443687137
752.3875845974329
573.0307695818314
919.0380948634595
-197.11066701307055
-522.216531245774
9.651186482385084
520.6703816255158
402.0099911219632
825.5649707929954
593.7724745663162
877.304512162279
-226.94175329752426
-578.870907057468
19.75324209972368
435.90521772709315
421.20061308784193
898.8188851286543
614.2440726910999
835.4387684584324
-256.76594190581676
-635.5051523979937
29.908774666404277
351.17431491404346
440.67307245576774
972.0316820803375
634.373437307983
793.560657094842
-286.5832113575978
-692.120173780173
40.10000235314531
266.47051560097367
460.34982540092494
898.8078260055701
654.2557375787358
751.7800635317611
-316.3934051605404
-748.7166985647783
50.31888861915916
181.7893684482315
480.17241868227944
825.4273229023858
673.9570447597871
710.115367336144
-346.19610478925165
-805.2951258487581
60.56243132066994
97.12942742819652
500.1832569825015
751.8890971681077
693.4373294240493
668.5692606586732
-375.9906833555382
-861.8556261524976
70.82788968393197
12.489325169603475
520.4312516340965
678.2023980873668
712.6497922925438
627.1340950959592
-405.77651213918114
-918.398432985973
81.1127630886233
-72.13220370514716
540.9669964719366
604.3918008931655
731.5457191748376
585.7868623655646
-435.5529701642978
-974.92384792215
91.41477273654289
12.488781152916474
561.8335736024219
530.5000341319598
750.0837042006232
544.4863555014767
-465.31945486877976
-1031.4322436500638
101.73897022381213
97.12993975072135
583.0512550676752
456.5828773658937
768.2389405692549
503.17552025889415
-495.07648309022557
-1087.925094734364
112.09980110810793
181.79621341656798
604.6071040268033
382.69995909553313
786.0112665307179
461.79199959004984
-524.8254017954039
-1144.4046139561494
122.51518296210702
266.4868073470719
626.4578250952045
308.9068012545322
803.4269653410722
420.28273369094273
-554.5671164284499
-1200.872468641689
133.00093744020035
351.1912259090379
648.5438870079392
235.24904246974387
820.5303857711466
378.61387906462386
-584.302266149644
-1257.3299582876916
143.56151298011162
435.8918827113469
670.8098219370858
161.75808292328995
837.3730184328606
336.7726647578422
-614.0313221807072
-1313.7781257319089
154.18810672127424
520.5735671266598
693.2144714086193
88.44646115487052
854.0051861184638
294.76262090123714
-643.7546459792982
-1370.217829017341
164.86623037450065
605.2289301449185
715.7279299416515
15.309493895945735
870.4715702205712
252.5965009203181
-673.4725251679557
-1426.6497892909
175.58245436516248
689.856736588053
738.3265701950729
-57.667093452900815
886.8094644115369
210.29043167793594
-703.1851965032962
-1483.0746236379493
186.32638806760255
774.4586956595758
760.9912212500028
15.30069597452804
903.0486312145333
167.8605171397105
-732.892860963954
-1539.4928681580188
197.09179575092998
859.0366064133486
783.7838277926238
88.45287476135759
919.1336937395935
125.26419418211236
-762.5958506152541
-1595.9050453003663
207.8754050957248
943.5917116756162
806.9978191609073
161.81603623488718
934.7749333471867
82.47413708190312
-792.2946038362171
-1652.3116654952976
218.67465671012664
859.0373698063818
830.7796661835631
235.12191787279886
949.8288060352447
39.7575763718568
-821.9894880616243
-1708.7131762919346
229.49065013895463
774.4615750037992
854.8667821917709
308.17333937420835
964.5570601756012
-2.6878646251011205
-851.6807645393083
-1765.1098937318097
240.32857803792336
689.8630092235629
879.0245260672081
381.06924966362703
979.1893154985189
39.70674323422133
-881.3686045369233
-1821.502021499211
251.19571522252502
605.2417146863341
903.1957105448664
453.8675990503976
993.7756765512524
82.21725161501783
-911.0532001522083
-1877.8897601284455
262.1003529179551
520.6004590357477
927.3650992468201
526.5789166992955
1008.3232991147985
124.8305617012085
-940.7347620134295
-1934.2733076118438
273.04868840727715
435.94532235834316
951.5226564482842
599.2090403937393
1022.8362003796576
167.53493660319813
-970.4134688693664
-1990.6528449297691
284.0427957990788
351.2839970616642
975.6645381737899
671.7613975975164
1037.3163023441505
210.31942251796372
-1000.089472851458
-2047.0285381505291
295.0808923402913
266.62347630081337
999.7917045140334
744.2398043072455
1051.7645574768126
253.17336331533838
-1029.7629037658676
-2103.4005402956786
306.1589875260668
181.9690686037623
1023.9071205288034
816.6495516766538
1066.1821022326694
296.08630093113976
-1059.4338726225615
-2159.768992982734
317.27207801108875
97.32453949891068
1048.0137213839516
888.9968525728476
1080.5710999277212
339.04838862088314
-1089.102474558075
-2216.134027862716
328.4146838061266
12.692309999852029
1072.1136996475104
961.2879721465456
1094.9349196830292
382.0510631574664
-1118.7687912722713
-2272.4957678728347
339.58129269999546
-71.92648313088449
1096.2085135980938
888.9995933877894
1109.2776857386636
425.0875084825458
-1148.4328930726494
-2328.8543283248623
350.7674889568666
12.692519724713321
1120.2988943050843
816.6525561999705
1123.6031220680522
468.1656233997048
-1178.0948192661913
-2385.2098018643424
361.97304920253106
97.3259863260665
1144.383683731385
744.2114926748038
1137.9126952852798
511.32034445352747
-1207.7546550556756
-2441.562318948894
373.20124676973126
181.97441187627368
1168.4563587921791
671.5838608297133
1152.2098009589301
554.6438965314161
-1237.412546257612
-2497.912057686441
384.4558923485178
266.63767746528947
1192.4477153061425
598.3502494686464
1166.559958286541
598.5559705331584
-1267.0686185782642
-2554.2591788706745
395.7410645105479
351.3146275221133
1206.400307487235
524.7135152594689
1190.916643647389
642.855011104494
-1296.7229811825266
-2610.6038282441987
407.0604730390061
436.00270928246164
1210.3159507929083
451.6160185177502
1225.2744271608767
686.601343209327
-1326.375729430437
-2666.9461383222038
418.4166245106945
520.697936092207
1214.15779862274
379.1018953428894
1259.6677324393434
729.7549379115507
-1356.0269469107154
-2723.286229613854
429.8100153040496
605.3954956825377
1217.9932447677468
306.76179708325066
1294.0287428825682
772.7300657797767
-1385.6767071925935
-2779.6242117673146
441.23887785765413
690.0908893199795
1221.8210131271035
234.50867432247043
1328.3605672741946
815.6183750754797
-1415.3250753974728
-2835.960184894221
452.6998605746411
774.780867530144
1225.6406806009081
162.31073466128032
1362.6670382389934
858.4549993934746
-1444.9721094533547
-2892.2942407157325
464.18909358436815
859.4636425088656
1229.4533895594443
90.15237748688553
1396.9509350457495
901.257411462305
-1474.6178611286657
-2948.626463543432
475.7029636561732
944.1385381728705
1233.2607158670235
18.02423148791705
1431.214341528174
858.4588799449613
-1504.262376890766
-3004.9569311233613
487.2383344778167
859.4630821749577
1237.0645756621425
-54.07864365843186
1465.4585126892127
815.6419532395566
-1533.9056915688589
-3061.2857108745493
498.79355447928856
774.7787545358254
1240.8660613404463
18.023589766189815
1499.6840170534213
772.8088430105812
-1563.5478145131347
-3117.6128436465087
510.36926327881247
690.0855580934979
1244.665330583999
90.15108309575773
1533.8900706128297
729.957724670402
-1593.1887590159113
-3173.9383594090154
521.9675727956774
605.3830508479556
1248.4631827906032
162.30921610894555
1568.073793941
687.0836982740312
-1622.8285569678421
-3230.262295995736
533.5915658158737
520.6711631203184
1252.2617371143003
234.50375140120414
1602.2300138846701
644.1811075689594
-1652.4672371556971
-3286.5846900707315
545.2452214731807
435.9508823227197
1256.0657654835588
306.73928469845276
1568.068373216988
601.2444049250531
-1682.1048255957003
-3342.9055771419207
556.9333379141478
351.2252434093383
1259.8877546856986
379.02311408237176
1533.85324195803
558.2632867127259
-1711.7413450609688
-3399.2249866155767
568.6598382169452
266.499633850262
1263.7617920096768
451.3672112457415
1499.5466295091146
515.2204172680287
-1741.3768153199487
-3455.5429419906186
580.4254095549582
181.780523345954
1267.7696056326704
523.7703415414489
1465.0661382667915
472.11058429724704
-1771.0112541197518
-3511.859466026682
592.2274759856329
97.07344000088484
1272.017669555236
596.1532782823608
1430.3078861165732
429.00750843929416
-1800.6446774038934
-3568.1745807800175
604.0618191649485
12.381794430300957
1276.4895469038868
668.3931210966065
1395.2925426099516
386.0307008384984
-1830.2770995063581
-3624.4883076383294
615.9242744697301
-72.29285090232167
1281.0623394211389
740.4647388469718
1360.1471835280563
343.20375092076466
-1859.9085333276162
-3680.800667353784
627.811487467269
12.381954245950013
1285.6611393911023
812.4205662852233
1324.950082648636
300.4736570638213
-1889.5389904968179
-3737.1116800786303
639.7249657539193
97.07464616872942
1290.2617797863043
884.3014062938689
1289.7239279195828
257.7993498110284
-1919.1684995307367
-3793.421378752529
651.671411728964
181.78460053948555
1294.856073685563
956.1299139724318
1254.4702478143847
215.15884288298514
-1948.7971043809619
-3849.7298078690715
663.658550785048
266.5086393459804
1299.4411800702605
884.3061809232212
1219.1841980477657
172.54246453496097
-1978.4248451362441
-3906.0370089956564
675.6946988004908
351.24069392883433
1304.013647355658
812.4461062209509
1183.860944380969
129.95321789680298
-2008.0517518514073
-3962.343015955407
687.7861598863321
435.9725364776465
1308.567075998179
740.5466726903495
1148.5006030807303
87.40237456737974
-2037.6778453606512
-4018.6478553615193
699.9346102101443
520.6958609148328
1313.0929680898716
668.6062447914402
1113.110014840025
44.89990111618459
-2067.3031446165705
-4074.951552165926
712.1386195644956
605.4041048466291
1317.5815301391208
596.6262644557796
1077.7004206496074
2.4509414387788127
-2096.927666910873
-4131.2541298019805
724.3948859812538
690.0914618834142
1322.0245183477223
524.6124075637343
1042.2833820979768
-39.944351911245725
-2126.551428065722
-4187.555610314021
736.697024689299
774.7524235333163
1326.4187984106034
452.5729917837649
1006.8684327801474
2.4491057173285355
-2156.1744425999386
-4243.856014474964
749.0361499433021
859.3822530402251
1330.7630068701542
380.51205512830836
971.4658408575068
44.89416317719687
-2185.7967294719715
-4300.15536544872
761.4028871626097
943.9787461855327
1335.0520807945168
308.428657640635
936.0900670606982
87.39399028612863
-2215.4183118999526
-4356.453688877722
773.7888307545026
859.38344749531
1339.277503351604
236.32478606396816
900.7580555113391
129.94542949871735
-2245.0392115806935
-4412.751009395358
786.1908651352658
774.7535439369465
1343.4303362162066
164.2110709221626
865.4818741826357
172.54033171646026
-2274.6594425784756
-4469.0473444848685
798.610087816453
690.0792031086595
1347.5089545152382
92.10402687849864
830.2620573585497
215.17202551177212
-2304.279011815728
-4525.342704980167
811.0468818743864
605.3425425760312
1351.521728501616
20.01733027084738
795.0898581698914
257.844727831001
-2333.897925752501
-4581.637101731053
823.4969018286139
520.5058921872381
1355.4805519854824
-52.04185142594032
759.9577343104924
300.5889522016659
-2363.5161904123156
-4637.930545588074
835.923420064547
435.4757455946947
1359.395815165831
20.017546610558895
724.8920288084513
343.4960368422372
-2393.133811407676
-4694.223047389569
848.0862998392213
350.10082248645244
1363.2679894411474
92.10702176031442
690.1324188668045
386.71689332667444
-2422.75080059714
-4750.514621632487
859.7841259636783
264.55981694070283
1367.0872126639367
164.22543825567135
655.8901995224372
430.07398129166415
-2452.3671756811386
-4806.8052862640525
871.2017766547062
179.12298050492308
1370.8415957995642
236.36643533253462
621.9923981269396
473.3034274662111
-2481.982953193416
-4863.095058796651
882.5657728545349
93.77925016880806
1374.5239183147082
308.5163231541917
588.2197297184954
516.4300017756751
-2511.5981485810644
-4919.383956308625
893.9336120960425
8.50239182380436
1378.138534182271
380.6595271374666
554.51035723044
559.4955295615891
-2541.212776283199
-4975.6719954497785
905.3139264620914
-76.72038169380382
1381.6986138233485
452.78688395392703
520.8424916642119
602.5219775477681
-2570.8268498052175
-5031.959192451778
916.7032651165587
8.497233527632687
1385.2177375297726
524.8968064354391
487.20601620412157
645.5215448720671
-2600.4403817871384
-5088.245563139774
928.0987057195243
93.75341266417823
1388.7020020522616
596.9891289291215
453.59777526870437
688.4993423894948
-2630.053391058296
-5144.531127948178
939.4993490812575
179.04844380720454
1392.1516193888517
669.062298523821
420.0184806721967
731.4566596323226
-2659.6659022412314
-5200.815911589481
950.9045274948421
264.3822678274065
1395.5666823493148
741.1148405903365
386.4687303739093
774.3950540341926
-2689.2779383981115
-5257.099937738818
962.3139128199274
349.7545198250243
1398.9471491551394
813.1453358220234
352.948915917329
817.3163324895191
-2718.889521153561
-5313.383229084198
973.7276037045701
435.1646068359781
1402.292831038382
885.1523985366988
319.45914772081613
860.2224953935568
-2748.500670806053
-5369.665807374614
985.1461799282564
520.611810727837
1405.6033815734927
957.1346564009901
285.99921150392424
903.1156540680264
-2778.111406429078
-5425.947693465982
996.5707193935083
606.095400542061
1408.878286663165
885.1517059111625
252.56856140196055
860.2235523980681
-2807.7217459631584
-5482.228907364925
1008.0105842897541
691.6154783053828
1412.1078690206984
813.1400227659617
219.1675246211648
817.3230378029028
-2837.3317015172615
-5538.5094636323865
1019.4879602325932
777.1663627720984
1415.2694545830232
741.1021717894283
185.79659620687218
774.4172360365308
-2866.9412796892525
-5594.789371600702
1031.0232521422574
862.7256131640677
1418.3438372281191
669.0573074540583
152.4545835290904
731.5094423550765
-2896.5504866473507
-5651.068640220352
1042.6143693027009
948.2636298848271
1421.3356171189546
597.032330269754
119.13898291486149
688.6023644366891
-2926.1593281655205
-5707.347278082924
1054.240197920103
862.7238090142332
1424.2690367485839
525.0405724830649
85.8466710768725
645.6977791120366
-2955.7678096556824
-5763.625293442392
1065.8903043438638
777.1454143450019
1427.1567526001106
453.0841723878879
52.57542710647294
602.7957924357083
-2985.3759330416906
-5819.902691343058
1077.568199135451
691.5274285134743
1429.9964489495978
381.16514471969356
19.324054784623172
559.8954090511622
-3014.983696942035
-5876.179473800193
1089.2777371083075
605.8685357111362
1432.7854635753931
309.2856473453656
-13.90863984292217
516.9957889490084
-3044.591099994261
-5932.455642862776
1101.0231415001263
520.1671137321227
1435.5207393496394
237.4480030128548
19.32348025413249
474.0962336694341
-3074.1981408555575
-5988.731200613081
1112.8084076828193
434.42118662393153
1438.1984960202697
165.65479003541063
52.57289360396743
431.1961443741675
-3103.8048176568923
-6045.006150573581
1124.6373905078542
348.6284889502873
1440.8141702824928
93.90888193673118
85.84030629280197
388.2949179220343
-3133.4111280311618
-6101.280497690527
1136.5145598015072
262.7865600986547
1443.3626083613888
22.213422320881335
119.12639997783984
345.39187626732405
-3163.0170696869254
-6157.554246909737
1148.4451241944762
176.89271423851375
1445.8379557960013
-49.428144344142666
152.43181827242958
302.4862657166761
-3192.6226404072736
-6213.827403175327
1160.4351834760153
90.94400471183211
1448.2335199856404
22.21540019972369
185.75715184450792
259.57725848799214
-3222.227838048707
-6270.099971428499
1172.5239976879964
4.950455926172182
1450.5092200971849
93.90713642131423
219.1032223396876
216.66431763051582
-3251.832663465589
-6326.371958471625
1184.7478946322458
-81.03442570628741
1452.6277194687002
165.5937087147711
252.47104232482812
173.7473009207372
-3281.4371203646715
-6382.6433728875145
1197.069589530719
4.961040526787642
1454.6254768852605
237.22260402312526
285.86144128986473
130.82620658036285
-3311.0412122429184
-6438.914223096525
1209.4546918742265
91.03054514834793
1456.5354178314064
308.77967277848495
319.27589099391423
87.90234687478983
-3340.6449458347984
-6495.184519775828
1221.9108084600462
177.17876921358018
1458.348167431107
380.25735084143236
352.71616932493623
44.97861769448485
-3370.2483309495174
-6551.454275731659
1234.4481327722963
263.4109450696804
1460.0528598591575
451.6470259814445
386.1829579248372
2.058411321508167
-3399.8513768878956
-6607.723503362751
1247.080192310298
349.7334571505992
1461.6366422551987
522.9389044578334
419.6755909828278
-40.85485093055361
-3429.454092478106
-6663.992214675953
1259.8244997779675
436.1545768919832
1463.0839395711212
594.1218065243719
453.1921392314815
2.059683051579185
-3459.0564861085286
-6720.2604213013165
1272.7023126965648
522.6853081286926
1464.3749347378064
665.1829002798695
486.7311718131122
44.98592195278383
-3488.6585673736186
-6776.528136030037
1285.7396971807946
609.3396296454998
1465.4840143923302
736.107116385434
520.2922467176342
87.9249701794364
-3518.260347015071
-6832.79537271437
1298.9704480807266
696.1346438040039
1466.377975391572
806.8763386104868
553.8747824549425
130.87785489761518
-3547.86183524973
-6889.062144651415
1312.4394995712962
783.0914311155861
1467.0125993085824
877.4685663787253
587.4780730015331
173.845508942116
-3577.4630418020774
-6945.328464611045
1326.2085155748784
870.2361118114424
1467.3270438135232
947.8568660185161
621.1013060270811
216.8287580223105
-3607.0639759343253
-7001.594344862196
1340.3655617448735
957.6009995433978
1467.2341505576778
877.4503982566061
654.7435830547394
259.8283126092812
-3636.66464647431
-7057.859797197595
1354.9883372739432
869.9537561730319
1466.6560412163249
807.0707252260142
688.4050901451102
302.8449550562684
-3666.2650603505745
-7114.124831715098
1370.2041427474253
781.9380827080905
1465.461601765099
737.0405104738007
722.0896440203576
345.8801583907554
-3695.865220846255
-7170.389455303903
1386.3026225721349
693.4545539241537
1463.353730432552
667.4575220904785
755.8047033285725
388.9355848091774
-3725.4651292448093
-7226.653673026538
1403.8803865569193
604.3796282047961
1459.725967474675
598.4450203028143
789.5601192047437
432.01152060689975
-3755.064786746065
-7282.9174897887115
1424.490593718717
514.7479516950033
1453.0132290707456
529.9710673643733
823.3678175738013
475.1052621435192
-3784.664194471168
-7339.18091034857
1452.8037068799886
427.8932728316927
1438.5330557936518
458.70940373327915
857.2397960876709
518.2093251435481
-3814.263353467392
-7395.443939325667
1484.2812576499527
349.29766395407006
1420.81565336239
379.19050856892034
891.1843183973732
561.3111625985198
-3843.8622647139737
-7451.70658121013
1512.066044410758
276.53947401871824
1406.71725466778
293.85127589076933
925.2023541484921
604.3955358988576
-3873.4609291294646
-7507.968840368438
1538.0173751581433
204.4668277727718
1394.3862031584765
207.8570550844263
959.2862527581785
647.4489751554844
-3903.05934757541
-7564.230721044248
1563.0447098787379
132.51147774112303
1382.926749663451
121.78354956973294
993.4223042158723
690.4640285477726
-3932.6575208568493
-7620.492227361667
1587.526607373671
60.566431344222465
1371.9748751429756
35.738466521702435
1027.5959695110298
733.4399854915291
-3962.2554497246415
-7676.7533633319645
1611.6498859522712
-11.393104123738553
1361.3555599565075
-50.25685646576294
1061.795450674685
776.3803050031979
-3991.853134878606
-7733.014132859679
1587.566077264608
60.56592717186659
1350.9719639650286
35.73643697089901
1096.0123924440477
819.289878598407
-4021.4505769705424
-7789.274539748171
1563.2535237158315
132.50935430190162
1340.8023805910889
121.77534090850044
1130.2438274646152
862.1690888668011
-4051.0477800701096
-7845.534589645218
1538.6800277196555
204.4486978483387
1330.8782810958298
207.85309989730501
1164.4904894191623
905.0131781199768
-4080.6447515349378
-7901.794289994651
1513.8078375528537
276.4012784527683
1321.2369038530112
293.95816617456603
1198.7528987157568
862.16592791663
-4110.2414984236275
-7958.053648047307
1488.5911898735912
348.3951035308148
1311.9205210474624
380.0763269943625
1233.0345525996518
819.2640028365992
-4139.838026824427
-8014.312670239432
1462.9745639681985
420.4753143672978
1302.97564159901
466.1939046314209
1267.3444680242094
776.2759449822131
-4169.434341896856
-8070.571362232899
1436.8916030365515
492.7141157605325
1294.452610965241
552.3096351705826
1301.6986612880837
733.130819022253
-4199.03044859703
-8126.829729579648
1410.2560597890063
565.2390253319863
1286.4198594183338
638.5226764253043
1336.1149541713544
689.6019549646606
-4228.626351687564
-8183.087777722544
1382.8787699564746
638.3859698562275
1279.8472326690671
725.6089433869892
1369.8126698108003
644.5775163783527
-4258.222055746928
-8239.345511996475
1325.9320830902675
725.8777340009821
1275.086119266707
812.9315378926576
1431.2680745085752
584.9716219867752
-4287.817565177852
-8295.602937629632
1239.654354586902
827.6710111675493
1271.323331224401
899.0735810405749
1521.0560050907095
512.2444624201397
-4317.412884216031
-8351.860059751794
1153.642862252787
930.830575598889
1267.5146410230755
983.5499996076702
1610.6234153576886
439.8163417242948
-4347.008016949285
-8408.116883428696
1068.4944198671037
826.8661531851931
1262.9034464462554
899.9082483777194
1521.0792232172216
367.4669563442869
-4376.602967336264
-8464.373413688785
983.8967783016478
723.1118405037671
1257.7796366965479
816.0030972463634
1431.496664456381
295.1705689700815
-4406.1977367502095
-8520.62965178554
899.543343854354
619.4140226196986
1252.4506672819311
731.9796425895884
1341.874876119343
222.93569563889926
-4435.792324041211
-8576.885595197258
815.3384210731512
515.7318617323211
1247.011061569231
647.8700707777682
1252.215029141291
150.77098522118396
-4465.386728059206
-8633.141241364088
731.2409825535173
412.0481354010764
1241.498349619377
563.68442450528
1162.5206197158775
78.68361486438631
-4494.980947654254
-8689.3965876873
647.2309526592524
308.35365899849035
1235.927527349208
479.42810240450444
1072.7967264129472
6.677367925254657
-4524.574981676839
-8745.65163152855
563.2982733551994
204.64282097596856
1230.303868002034
395.10751314441984
983.0481328755689
-65.24855539529258
-4554.168828978183
-8801.906370209139
479.43847464570456
100.91196103178335
1224.6294891120863
310.73130630499514
893.277190417437
6.673984308677291
-4583.762488410558
-8858.160801009268
395.6613369781409
-2.83490166227665
1218.8951140774777
226.30433329464688
803.4833952088572
78.66298329375536
-4613.355959989755
-8914.414922169706
311.9776242386352
100.92718062365948
1213.084484447449
141.837984772521
713.6722429656979
150.68635337542577
-4642.949244867012
-8970.668732917462
228.3891162306719
204.70454480831467
1207.197692627106
57.35769225493621
623.8418642108561
222.70807604796062
-4672.542345773813
-9026.922234159341
144.89845279229053
308.4881030668038
1201.2516969652054
-27.116629529872952
533.9726650184755
294.71732701515623
-4702.1352669711005
-9083.17542850249
61.5061982543063
412.2692747288674
1195.265307046587
57.35865534349723
444.0452755785329
366.7158638151534
-4731.728012564505
-9139.428318601018
-21.787758841610838
516.0404083418881
1189.2488623293514
141.84603622544716
354.0494730479755
438.7120420771056
-4761.320587710744
-9195.680908121038
61.50540073303637
619.7943464986108
1183.2065224171656
226.3426587199304
263.981916337027
510.7158782481288
-4790.912998579705
-9251.933201706363
144.96241939123797
723.4764162250594
1177.140808271323
310.846955478725
173.77371607797267
582.783618256908
-4820.505250750459
-9308.185204963482
228.60486487893544
826.7779579738974
1171.0527185751155
395.35847747046705
83.40231085280527
655.2243771516769
-4850.09734923423
-9364.436924361928
312.2374898541278
929.6569471725402
1164.9427591477966
479.87735862889053
-6.937552984765205
728.0800518222346
-4879.689298861982
-9420.688366152648
395.7571142516589
826.8530350136318
1158.8110058012853
564.4042942720519
83.35591109615216
801.059283459016
-4909.2811042915355
-9476.939536380316
479.1854476366784
724.0117528323033
1152.6532316922328
648.9399767075313
173.7665458377985
874.0668723744661
-4938.872768606765
-9533.19044065655
562.5184505222676
621.185264865678
1146.4594484296658
733.4831864071941
264.30838068283583
947.0518790635546
-4968.464293372441
-9589.44108418531
645.8095646802294
518.411293024879
1140.2183162288122
818.0277501993279
354.9393151507027
874.0666314824001
-4998.055680095033
-9645.691472024884
729.093136937615
415.7008563158386
1133.9229090403023
902.5609935776456
445.631929211815
801.0289176046026
-5027.646929522637
-9701.941608285759
812.3670838839132
313.0614511065563
1127.5753538025938
818.0225220747415
536.3861793539173
727.9443966835239
-5057.238041670945
-9758.191496198533
895.6294281139282
210.49661293248482
1121.1750469085994
733.4503728551977
627.204645817057
654.8187405699769
-5086.829015767721
-9814.441138237411
978.882150867951
108.0101417359953
1114.7117783210542
648.8362701051522
718.0955558645076
581.6564268722102
-5116.419850279265
-9870.69053613915
1062.1243828038168
5.604495731192728
1108.1680774215283
564.1712971738539
809.0772479716297
508.4639157945303
-5146.010543720344
-9926.939691671409
1145.353059620941
-96.72042940666223
1101.5058043263957
479.4441634247363
900.1909248861855
435.25260409482337
-5175.6010946545075
-9983.188606630769
1228.5643046528799
5.602105859402826
1094.6189139110484
394.62895731674075
991.5465070117959
362.0516221534464
-5205.191501694326
-10039.437282840738
1311.7328366447641
108.02976702303586
1087.04827166148
309.55065113397455
1083.6284099039617
289.0083784044907
-5234.781764626424
-10095.685723065926
1394.7521074153956
210.62280407698134
1076.4731250171958
209.03347440010367
1178.8639352154669
231.23839696198652
-5264.371884361893
-10151.933930936773
1477.4479804009504
313.3267713652314
1064.0853188453314
93.41602238376667
1276.2353755057297
188.45753172055757
-5293.961861763462
-10208.181909960535
1559.8086661500872
415.9667725836323
1052.4971279693639
-22.00752696528707
1373.1422462169567
145.54650441614962
-5323.551697645475
-10264.429663518751
1641.994945429639
518.4690695345546
1041.1049130410781
93.38455656310767
1470.0274066954503
102.6749209305838
-5353.141392772851
-10320.677194866767
1559.8323726005613
620.8731405437815
1029.815398603197
208.81778800216824
1566.8787898234857
59.860197409034875
-5382.730949025536
-10376.92450814777
1477.635676551953
723.2092780895664
1018.604541905657
324.2621901700129
1663.6855025838538
17.102022897802676
-5412.320369431364
-10433.171607704431
1395.4170843281568
825.4911194219279
1007.4514597153137
439.7160810160832
1566.884766931768
-25.61155423403013
-5441.909656981402
-10489.418497105295
1313.173960064419
927.7245535787245
996.3492592825498
555.1837763739989
1470.0575516424244
17.101038229169802
-5471.49881461182
-10545.665178979487
1230.899983840552
825.4865596343634
985.2991778912802
670.6705723123728
1373.2089426242758
59.847751241266955
-5501.087845594799
-10601.911655336187
1148.5442442323815
723.1664959010462
974.3495343219
786.2002733482783
1276.3415353384253
102.6334250161564
-5530.67675274766
-10658.157927764256
1065.9439684972958
620.843212931814
963.6613775591982
901.6842628640594
1179.4570555258797
145.46782647597033
-5560.265538053591
-10714.40399712121
983.1450526515292
518.612776367548
953.1894186912068
786.1968047578616
1082.5548979994699
188.3669296713895
-5589.854203429686
-10770.64986423267
900.3329521072509
416.46305236050483
942.7599653266748
670.5197824971584
985.6233007689011
231.37468218764042
-5619.4427499065705
-10826.895529067679
817.6105672372308
314.3042937783603
932.3312492828894
554.6004306250574
888.6011318129007
274.6335957453182
-5649.031177653028
-10883.140990757614
735.8934726256317
211.69139740361837
921.8358735864964
438.3806000365999
790.6402136735927
318.64692180388533
-5678.619486821991
-10939.386248439487
655.357726692989
109.14263705787519
911.0815803877373
321.7909968029206
691.7567459166635
362.96567961268
-5708.207677549924
-10995.631301255364
575.1426238309145
7.204412450251908
899.9436386339345
204.98484160861815
592.9361653224671
406.8902479249622
-5737.7957499561135
-11051.876148352225
495.02955434324116
-94.52917026659408
888.5468269620959
88.16792767719404
494.27230305183434
450.62072651632457
-5767.383704142232
-11108.12078888182
414.98984488915414
7.176142279566662
877.0199676023559
-28.64507851028992
395.6650102991741
494.24411630080715
-5796.971540192008
-11164.365221999913
335.0120943345472
108.94443508056891
865.4038444715659
88.1792336461663
297.08490519672995
537.7914456702429
-5826.5592590204305
-11220.609447715648
255.08467377245123
210.77326277194143
853.7141103984993
205.02441393276695
198.52796647699756
581.2571663384755
-5856.146863281799
-11276.853467750694
175.18916427656018
312.6837559333386
841.9619394724409
321.88434159622904
100.001442474609
624.6262710521482
-5885.734356473724
-11333.097284678066
95.30488791673183
414.7041974991327
830.1563396852621
438.7539253265303
1.5170065159072124
667.8755707402634
-5915.321741984279
-11389.340901051117
15.400927793848297
516.8740575484971
818.3050306680868
555.6291678061136
-96.90214084907694
710.969595173759
-5944.909023095499
-11445.5843194024
-64.57868652880552
619.2454923983768
806.4146915676006
672.507148988772
1.5506027818804284
753.8591105926246
-5974.496202986783
-11501.827542242643
15.596653900443783
721.999082114344
794.4874707467329
789.386358168134
99.95674291160495
796.3650507372686
-6004.083284508576
-11558.070572671457
96.31828259946796
825.3693604674387
782.5166092483888
906.2651963114649
197.86013942999165
838.2544850223395
-6033.67027001133
-11614.313414841794
178.09247928636734
929.171317215328
770.4879844324983
789.3832982917262
294.76863735534715
879.7167803024681
-6063.257161591381
-11670.556073281117
260.91267267999166
825.1212065966602
758.3808108043893
672.5069273982763
390.7095948261409
921.2579242759718
-6092.843960611377
-11726.798551662392
344.3621449631703
721.0497403171578
746.1764903421436
555.6661537910616
486.118327742185
879.3886668876316
-6122.430667132041
-11783.040852143455
428.17197175382023
617.2198825019404
733.863591556479
438.8951595814209
581.2751912041389
837.2078448835169
-6152.017280382667
-11839.282975870601
512.2121195362367
513.5360114100074
721.4345793040695
322.22884319738444
676.317752878496
794.776182454238
-6181.603799370718
-11895.524923721472
596.4443433653288
409.8998212687414
708.8822848729144
205.70909389340216
771.2914254473508
752.1500970022571
-6211.190223121196
-11951.766696580362
680.8493463574683
306.1945475695581
696.209115023891
89.40432156693109
866.2130980759732
709.377944029172
-6240.776550676622
-12008.008295337742
765.358264726133
202.31170687572126
683.4734518502443
-26.6144738546743
961.0932515176319
666.4972079405429
-6270.362781096986
-12064.249720889791
849.8634862994008
98.23658068376302
670.7745161806624
89.36522430628936
1055.94027619297
623.5347024706655
-6299.948913459697
-12120.490974137967
934.1411943093896
-5.911436894237582
658.3343519017343
205.4850384974962
1150.755944816107
580.5048016708822
-6329.534947597582
-12176.732056700437
1018.1812479011651
98.2769791572244
646.1682072525975
321.60448058508854
1245.5351505717633
537.4162778282132
-6359.120884079563
-12232.97297089707
1102.1654746473628
202.5574634845617
634.1056222101261
437.6881245965225
1340.2665270924517
494.2713182873497
-6388.706724087665
-12289.213719595225
1186.1398503918301
306.92776169286867
622.1238662519197
553.7491809985368
1434.926830831992
451.0589703541289
-6418.292469397153
-12345.454306172573
1270.1759465588254
411.39292145997626
610.2030694100151
669.7920196885997
1529.464362049902
407.76981973360165
-6447.87812172384
-12401.694733909464
1354.3526078602029
515.9090161384875
598.3276360266884
785.8196529006393
1623.815873351321
364.4447840261207
-6477.463682726997
-12457.935005992782
1438.6672440458196
620.3977747675984
586.4863465995466
901.8348413929025
1529.504718994576
321.1593765312765
-6507.049154012076
-12514.17512551956
1523.044940008483
724.7930371048298
574.6723077603142
785.8197473679489
1435.1031661595716
277.9783647166874
-6536.634537183851
-12570.415095013996
1607.420972348219
829.0944442330518
562.8838762348795
669.7952772653879
1340.6775825817483
234.9004355254391
-6566.219833303678
-12626.654915845156
1523.0461771663129
933.3494477738676
551.1217950246235
553.7636822747456
1246.2515330102049
191.8758868659156
-6595.805042851719
-12682.894588732554
1438.6495650971553
829.0974864994147
539.388280456736
437.7260471074196
1151.8186476244384
148.88474254780712
-6625.390166340655
-12739.134113978811
1354.2323684288913
724.8192137773696
527.6896146868012
321.68213171627474
1057.3714120722716
105.926041745518
-6654.975203862036
-12795.373491069477
1269.7908039700958
620.5106094621739
516.0364370093412
205.63048667372607
962.9029698754708
63.00525309181358
-6684.560155040727
-12851.612719064173
1185.3201471558953
516.1669425948554
504.4460137274702
89.56967666915207
868.4007789189756
20.128541910815294
-6714.145019499907
-12907.851797017427
1100.8144860369503
411.78272361797895
492.9488698699958
-26.49968356618963
773.8402257447924
-22.699217921875878
-6743.729796861052
-12964.090723978663
1016.2664535087052
307.3517507895795
481.6024162472779
89.58139339442897
679.171266266866
20.12008961244328
-6773.31448674391
-13020.329498992192
931.6507343947702
202.86612134485526
470.5122441438792
205.6275934737851
584.313624815269
63.0287785545234
-6802.8990895867255
-13076.568121915896
846.9149966431906
98.3332293197402
459.7406052097565
321.47391268215864
489.25738302971985
106.18445952089314
-6832.483606627221
-13132.806593412515
762.0225932760217
-6.199469737201781
449.1735498457407
437.0065546897128
394.1531386859663
149.65347393310117
-6862.06803906403
-13189.044914122327
676.9974904929046
98.35023390278083
438.6530372629258
552.2873260639308
299.13496753419327
193.32158760472385
-6891.652388058072
-13245.283084663286
591.866338428856
202.9679221992598
428.12641558199255
667.4085238293976
204.22887295175303
237.081141151638
-6921.236655242396
-13301.521106127282
506.6276602601391
307.64857603283923
417.5913298158161
782.4141383075346
109.43868884589938
280.8931649437578
-6950.820842713397
-13357.758980086253
421.2886084403479
412.3842824982255
407.04746691242804
897.3240650494869
14.757577857489679
324.74567789698165
-6980.404952513555
-13413.996708101951
335.86368324518696
517.1654351429107
396.49177028236284
1012.1496475359223
-79.82590170977078
368.63694453434107
-7009.988986632816
-13470.234291725566
250.37118593321765
621.9818653326362
385.9195949287989
897.3288306609128
14.75047270500248
412.56761612484786
-7039.572947009925
-13526.471732497384
164.83076768062847
726.8323173132413
375.2957586940293
782.3951729501559
109.42635652637581
456.5769653517767
-7069.156834971809
-13582.709031860757
79.38999751855302
831.6517255384758
364.4696698760565
667.3184875135097
204.2047731545007
500.7602459899479
-7098.740651247755
-13638.946191154111
-5.859982268457742
936.3404223038589
353.3434908934468
552.1173295933664
299.0924185934069
545.1985718129988
-7128.324396544909
-13695.183211688996
79.35091885093014
831.6934193797244
339.84737119497413
436.59223283873297
396.2445634992796
590.0804774287606
-7157.908071548351
-13751.42009475037
164.64478034705354
726.9569900010098
324.1910094184234
321.06159272009097
495.4739199869192
635.057216499643
-7187.491676432217
-13807.656841448277
250.0558267562613
622.1223455253462
308.6164509448753
205.86852424135267
594.5042178138473
679.794463602931
-7217.075210871459
-13863.893452721544
335.593461835521
517.2114806419661
293.0600057594437
90.80992288659951
693.3897429144425
724.4733294855106
-7246.658674542536
-13920.129929490371
421.22047302537214
412.25560410367666
277.5194799072779
-24.146456653100614
792.1699014809769
769.0948516059203
-7276.2420671234095
-13976.366272657171
506.88589680297525
307.2705174237933
262.0028329861672
90.80000512618109
890.8876971179043
813.6629957425685
-7305.825388293483
-14032.602483107328
592.5227388431066
202.2446098882125
246.55169300034
205.82957545932575
989.5684963038202
858.1887208359361
-7335.408638210357
-14088.83856221237
678.0728614496406
97.2007369581183
231.2129889746461
320.90988939640215
1088.2235083349105
902.681538224262
-7364.991817498942
-14145.074511821787
763.5528974266111
-7.813646962831598
215.96418544161267
435.98561497520006
1186.8586364796633
858.1921638427132
-7394.574926764285
-14201.310333752497
849.0054353790322
97.19640560055645
200.7603003020047
551.0467425963639
1285.4762746725248
813.6831497297671
-7424.1579664466135
-14257.546029646115
934.4468687334593
202.2355377948964
185.58622834067853
666.0968913264488
1384.0751353905375
769.1559107049203
-7453.740937234381
-14313.781601367706
1019.8850894569304
307.303355646071
170.43798061923766
781.1380118321929
1482.6513166809768
724.6088922945789
-7483.323840203504
-14370.017051136294
1105.330499727905
412.4005968445594
155.311645108077
896.1713535124875
1581.1983294397933
680.0401095719973
-7512.9066763987885
-14426.252381114507
1190.7967734161662
517.5263861425858
140.20372039217793
1011.197905565475
1679.7060022272638
635.4494506950361
-7542.489446835275
-14482.487593410571
1276.2984749752757
622.6740705385723
125.11124571085672
896.171762739478
1581.1927849029018
590.8427035872319
-7572.072152499522
-14538.722690080223
1361.8873210344418
727.8237377208991
110.03340493908246
781.1411224866018
1482.5777250486171
546.2383567695612
-7601.65479404345
-14594.95767239947
1447.6156081731806
832.8503554262021
94.97077295978757
666.1079597643231
1383.8079515261036
501.7594680550393
-7631.237371791201
-14651.19254087544
1533.4026631564138
937.7021153893303
79.92324842323036
551.0739346248606
1284.964239230466
457.456186134538
-7660.819886053061
-14707.42729598607
1619.1616821171165
832.8874031266287
64.89059737293631
436.0402129991973
1186.1336262822085
413.2316393875154
-7690.402337126033
-14763.661938181456
1533.4003100091256
728.0382065355498
49.87315011104328
321.00738892879264
1087.3168007444247
369.04056664141416
-7719.984724991681
-14819.896467604645
1447.6046457487641
623.1620514976235
34.87240119896185
205.97609003287113
988.5175055156906
324.87481399304534
-7749.56704936382
-14876.130883853202
1361.7687613150943
518.2593500336529
19.890652665542255
90.94754758230803
889.7393663425955
280.73273749453875
-7779.149309996952
-14932.365186270936
1275.8866770609284
413.3318454430938
4.930436457500415
-24.076455006510557
790.9858306790934
236.61080977039364
-7808.731506644558
-14988.599374198186
1189.9529791211314
308.38275811496305
-10.005638723140303
90.948996906176
692.2597034407399
192.50330972472574
-7838.3136390590835
-15044.833446971812
1103.9629160635518
203.4172566271095
4.935242125228866
205.9813703313204
593.5596339861231
148.4051869354804
-7867.895707380402
-15101.067404354595
1017.9128182274459
98.44242169964052
19.91815203284805
321.0145302848407
494.8775066618794
104.31549589564094
-7897.477712112818
-15157.301246575546
931.8013719214022
-6.533487544458808
34.95406561193175
436.03422609245007
396.20366101975355
60.24022841201215
-7927.059653728878
-15213.534973890166
845.6305642863535
98.44654520947417
50.04147426643873
551.0216686582704
297.53761897132654
16.18968612416981
-7956.641532685056
-15269.76858653016
759.4026066571934
203.43304219422555
65.16686427211295
665.9670336158498
198.8906836797201
-27.825356931789273
-7986.22334975511
-15326.002085024613
673.1214545648363
308.41861067384593
80.31774179103884
780.8725371196593
100.27139453813136
16.189071789147654
-8015.8051060252365
-15382.23547020418
586.7920611436393
413.40244199411893
95.48849268812462
895.7409181083942
1.6804137474490375
60.24224783608836
-8045.386802695589
-15438.468743035328
500.41690894684285
518.3886222614327
110.67759928149883
1010.5713754272756
-96.88322225154671
104.3308873618794
-8074.9684410783175
-15494.701904622514
413.99856082929574
623.3833232273846
125.88446986161732
895.7393631752358
1.679235097215681
148.4509799031774
-8104.550022456595
-15550.934956059491
327.5173813815161
728.4004923988737
141.12905949271857
780.8458736142377
100.2667485944599
192.60997243203485
-8134.131547704104
-15607.167898380605
240.8152103250732
833.4641310692864
156.57261266829647
665.8443415498086
198.87623449755267
236.83042982211015
-8163.713017293276
-15663.40073255843
153.8474962836437
938.3697569175727
172.2748647817457
550.90911282183
297.49250924970124
281.14248951189734
-8193.294431684388
-15719.63345955029
66.79855265709168
833.5934740902965
188.095443157374
436.0834209253655
396.07163257490834
325.59170911180604
-8222.875791325616
-15775.866080298581
-20.223970012356162
728.7062051725552
204.0406552475344
321.2140598051944
494.4996466577213
370.1954784070886
-8252.457096396085
-15832.098595428073
66.8061631709903
623.7299415365501
220.14181609888217
206.36498031456404
592.7216994940975
414.86785547791226
-8282.038346811105
-15888.331005244383
